altright 9 169 789 604
buzzfeed 18 87 585 414
clash 117 0 285 224
cruz 77 21 463 338
funeral 47 49 354 182
garf1 36 48 263 238
gccx1 0 45 639 427
gccx2 0 20 258 172
jones 332 0 799 476
mars 214 0 528 242
memri 30 10 659 295
n64 139 67 364 323
nut 0 86 713 632
obama1 9 90 453 378
picard 0 0 599 304
porn 17 82 773 499
rapper 1 69 521 499
science 4 118 794 664
son 0 86 568 612
testtemplate 297 103 690 428
wedding 205 13 383 255
wtc1 0 0 299 236
squidward 297 103 690 428
painting 177 39 382 292
mirror 50 0 573 558
skot 53 89 536 280
yugioh 43 0 362 374
puke 90 0 455 268
heart4 100 100 539 411
nb 346 138 638 375
nickle 346 138 638 375
bam 98 437 470 740
jimcarrey 8 270 791 769
sg 64 26 184 138